Feature	Gain	Cover	Frequency
mpasivos_margen	0.0984016034077026	0.00891849828221872	0.00567086310536464
mpayroll	0.0680003600971477	0.00805813119366546	0.00374276964954066
mautoservicio	0.0608988297566833	0.0110115054413503	0.00725870477486673
ctrx_quarter	0.0531199316762965	0.0108248924342351	0.00680503572643756
Visa_delinquency	0.0515431694521723	0.0086087782010318	0.00606782352274016
mprestamos_personales	0.0431771435599962	0.00746884940411869	0.00328910060111149
Visa_mconsumosdolares	0.0353611379981476	0.0129101305713373	0.0155381649086991
Visa_cadelantosefectivo	0.0243176756220342	0.00688709169106467	0.0100941363275491
Visa_mpagominimo	0.023397550133805	0.0248163883143907	0.0304525348758081
mcuentas_saldo	0.0210679404608476	0.0135728306331111	0.00918679823069071
Visa_cconsumos	0.0208194779808212	0.0289528404122285	0.0390155381649087
Master_madelantodolares	0.0202613796892687	0.00870295355315758	0.0117386866281048
matm	0.0195742323309384	0.00488147239253798	0.00294884881478961
mtransferencias_emitidas	0.0175638924105057	0.0119121843410539	0.0113984348417829
Visa_mpagospesos	0.0174324941828271	0.0269339111823614	0.0390722467959623
Visa_madelantopesos	0.0170044349751052	0.00957800583471493	0.0127027333560168
mtransferencias_recibidas	0.0162623117657454	0.0100850630267446	0.0102075535896563
mcomisiones	0.0159867883133952	0.0138150919092798	0.0163320857434502
cpayroll_trx	0.015809449266689	0.0013546337876358	0.000453669048429171
Visa_msaldototal	0.0142183595359296	0.0136660478827812	0.0160485425881819
mrentabilidad_annual	0.0114885103456675	0.0146576454604423	0.0105478053759782
foto_mes	0.0109030222289795	0.0105041288235567	0.00793920834751049
ctarjeta_visa_transacciones	0.0106153717779537	0.00706941963739777	0.0055007372122037
active_quarter	0.0105608843302991	0.00877247804805051	0.00635136667800839
mcuenta_corriente	0.0101509989213803	0.0141066536760609	0.0094136327549053
mpagomiscuentas	0.00988616765296189	0.00532078929324408	0.00499035953272088
cproductos	0.00963888058567263	0.00452786877117393	0.00170125893160939
cdescubierto_preacordado	0.00937247386754811	0.0104843744293483	0.00584098899852558
mcomisiones_otras	0.00901867763516925	0.0148420571047803	0.0163320857434502
cmobile_app_trx	0.00876997289640797	0.0127949986511919	0.0183168878303278
tcallcenter	0.00872205494742229	0.0083888137873033	0.00629465804695475
Master_msaldototal	0.00867591130696022	0.0133964219416574	0.0156515821708064
Visa_status	0.00827199439595279	0.012629761644175	0.00663490983327662
mactivos_margen	0.00810583747046368	0.0139589212708437	0.00992401043438811
mcaja_ahorro	0.00806963583660799	0.0106056327852874	0.00748553929908132
Master_fechaalta	0.00790476703936388	0.0202505075276326	0.0234206646251559
Visa_mconsumospesos	0.00778914192598168	0.0159011545739699	0.0240444595667461
Master_Fvencimiento	0.00772185828149462	0.0205810890659384	0.0244981286151752
Visa_fechaalta	0.00759446750014602	0.0258176111501709	0.0268798911194284
thomebanking	0.00723907170909985	0.0124221301770201	0.0138369059770897
Visa_msaldopesos	0.00679330674666752	0.0162552395194326	0.0203016899172054
Visa_mlimitecompra	0.00661493916436918	0.0174970588409467	0.0202449812861518
cprestamos_personales	0.00656337964007405	0.00272854186923493	0.000964046727911988
Visa_Fvencimiento	0.00576660114363963	0.0179601730484863	0.0204718158103663
cliente_edad	0.00571167072458713	0.0171378417532424	0.01570829080186
mrentabilidad	0.00567978816679802	0.0141183129786999	0.0127027333560168
mextraccion_autoservicio	0.005553916327453	0.0049335480583836	0.00328910060111149
Visa_mconsumototal	0.00551700966533664	0.0193215285892263	0.0264262220709992
ccajas_transacciones	0.00508396392258173	0.00851868475000688	0.00504706816377453
Master_mlimitecompra	0.00498802349452626	0.016215715520265	0.0190541000340252
cliente_antiguedad	0.00481517156446677	0.0153757373065428	0.0153680390155382
mcaja_ahorro_dolares	0.00460991122542355	0.00693242287509818	0.00561415447431099
chomebanking_transacciones	0.00438770718444561	0.0150291433935283	0.0128728592491777
Visa_mpagosdolares	0.00431420679843009	0.00865122109080111	0.0113984348417829
mtarjeta_visa_consumo	0.00428423449741279	0.0136233544527164	0.011228308948622
Master_fultimo_cierre	0.00426789970739518	0.0103975799628555	0.0109447657933537
mcuenta_debitos_automaticos	0.00416634797157871	0.00638805161365276	0.00413973006691618
mcomisiones_mantenimiento	0.00400674680053831	0.00387752281115584	0.00209821934898492
Visa_fultimo_cierre	0.00369624007427303	0.0122507167310521	0.0115685607349439
ccaja_seguridad	0.003544408575285	0.00237060912836265	0.000793920834751049
Visa_mfinanciacion_limite	0.00347175127922075	0.0147809118103054	0.0167290461608257
Master_mfinanciacion_limite	0.00336619415224274	0.0173857025088543	0.0203016899172054
Master_mpagominimo	0.00332957575571099	0.0172112511088224	0.0174662583645231
numero_de_cliente	0.00317652024117114	0.0131815798793425	0.0122490643075876
Master_status	0.00316093883169523	0.0107456797401858	0.00646478394011569
Master_mpagospesos	0.00273853138305022	0.0143636809195648	0.0154814562776455
Visa_madelantodolares	0.0026393000985667	0.00848906469788436	0.0122490643075876
ccaja_ahorro	0.00242377622539472	0.00321725524563503	0.00107746399001928
mplazo_fijo_dolares	0.00232099278697547	0.00308440979441349	0.00153113303844845
Master_msaldopesos	0.00225584661733619	0.0122606222516231	0.0145741181807871
Visa_mpagado	0.00221334413612413	0.0087241276174281	0.00890325507542248
Master_cconsumos	0.00201862401364654	0.0126377173912814	0.0141204491323579
ccallcenter_transacciones	0.00199805855370352	0.000807455181093506	0.000283543155268232
Master_mconsumototal	0.00199230973651323	0.0131340055466765	0.0163887943745038
mtarjeta_master_consumo	0.00182704611889403	0.00309197635610635	0.00266530565952138
mttarjeta_visa_debitos_automaticos	0.0017431664538924	0.00844980924714232	0.00788249971645684
cextraccion_autoservicio	0.00172530884146143	0.000550275305574229	0.000226834524214585
Master_mconsumospesos	0.00172091437826789	0.00906054221635964	0.0107179312691392
Visa_msaldodolares	0.00156712877415668	0.0053613888848035	0.00572757173641828
Master_mconsumosdolares	0.00138345398657688	0.00793381862389454	0.0107179312691392
Master_cadelantosefectivo	0.00135038491048239	0.00819391756485178	0.0107746399001928
ctarjeta_debito_transacciones	0.00134375237729985	0.00358048744700623	0.00209821934898492
Master_mpagado	0.00133111591661222	0.00802238820247353	0.00816604287172508
Master_delinquency	0.00129171596413317	0.00606496180713995	0.00629465804695475
cseguro_vida	0.00118015667855024	0.00191192474599088	0.000680503572643756
ctarjeta_visa	0.00115973880032059	0.00430097699695293	0.0015878416695021
Master_madelantopesos	0.0011351009675653	0.0092416310984403	0.012022229783373
Master_mpagosdolares	0.00107706097234743	0.00750464204879555	0.00981059317228082
ctarjeta_master	0.000981999490911838	0.00447794411527581	0.00192809345582398
ccajas_consultas	0.000682013890123582	0.000507987670363426	0.000170125893160939
Master_msaldodolares	0.000666595057867628	0.00596956417503832	0.00612453215379381
ccajas_extracciones	0.000635840876334353	0.000846646117272376	0.000283543155268232
cseguro_accidentes_personales	0.000580289454325395	0.00442178287676882	0.00192809345582398
internet	0.000503402446623126	0.00187314397557132	0.000680503572643756
cforex_sell	0.000492547186654458	0.000169329223454475	5.67086310536464e-05
ctarjeta_debito	0.000435768967283994	0.00209337186747513	0.000737212203697403
matm_other	0.000427886993612943	0.00135799851058463	0.000850629465804695
ccajas_depositos	0.000401943601304373	0.00101597534072685	0.000340251786321878
ctransferencias_recibidas	0.000372889669940908	0.00164692986651788	0.000567086310536464
cplazo_fijo	0.000361541242877046	0.00033865844690895	0.000113417262107293
ctarjeta_visa_debitos_automaticos	0.000267416303208449	0.00155703905066561	0.00062379494159011
ccomisiones_otras	0.000256633526237221	0.00217077710473845	0.000964046727911988
cpagomiscuentas	0.000215523491313159	0.00268948363374289	0.00102075535896563
ccuenta_debitos_automaticos	0.000208933886605235	0.000336801336638106	0.000170125893160939
ctransferencias_emitidas	0.000162800633333422	0.00192671641424961	0.000793920834751049
mttarjeta_master_debitos_automaticos	0.000117830645092582	0.00114497457006473	0.00062379494159011
mforex_sell	6.95713133761452e-05	5.89680590952126e-05	5.67086310536464e-05
cseguro_vivienda	6.22149796995802e-05	0.00118530456418133	0.000396960417375525
catm_trx	2.98577363139863e-05	0.000518196706602849	0.000226834524214585
mcaja_ahorro_adicional	1.4961299000651e-05	0.000169329223454475	5.67086310536464e-05
ccomisiones_mantenimiento	1.16521841869595e-05	0.000169329223454475	5.67086310536464e-05
ctarjeta_master_transacciones	1.03138669270027e-05	0.000317451863102529	0.000113417262107293
ctarjeta_master_debitos_automaticos	4.4256380602161e-06	0.000169329223454475	5.67086310536464e-05
