Feature	Gain	Cover	Frequency
ctrx_quarter	0.129145754732109	0.0186090306893032	0.00821219814073666
mcaja_ahorro	0.0738537456792174	0.0140734556645863	0.00805861467715853
mpayroll	0.0602943428854818	0.0297605865669226	0.0059536177939994
mprestamos_personales	0.0501691933523948	0.0146711545065025	0.00441778315821807
mpasivos_margen	0.0391482938776925	0.0125610518803537	0.0103442979880566
active_quarter	0.0348971640671541	0.00401256000545569	0.00671250079050312
mcuentas_saldo	0.0325302119782631	0.0185394704372171	0.0131630062607847
mtarjeta_visa_consumo	0.0279154750602072	0.00951700684273307	0.00878136038811445
ctarjeta_visa_transacciones	0.0235585445296942	0.0075484792127277	0.00559224493852144
Visa_status	0.0193274553965795	0.0114315575998204	0.00404737598135316
mcuenta_corriente	0.019056084658499	0.0214677870720061	0.0151505569659135
Visa_mpagospesos	0.0187053162214463	0.0127643143542818	0.0292892699364887
mrentabilidad_annual	0.0180643016288067	0.0239841319290305	0.019667717659388
Visa_msaldototal	0.0162571926509305	0.0111465739654104	0.0143645710052489
Master_fechaalta	0.0160092015800553	0.0239114670678602	0.0375014680772254
cmobile_app_trx	0.0147510650260839	0.0176655146436291	0.058307510231369
cdescubierto_preacordado	0.0131729775380416	0.0111181992321739	0.0096576895626485
Master_Fvencimiento	0.0130424647367022	0.0207735282064769	0.0342852496634715
mcomisiones_otras	0.0125525946501571	0.0117249658883911	0.0174091373126508
Visa_mpagominimo	0.0123311185909249	0.015886118436429	0.0211312777240738
thomebanking	0.0121968850354742	0.0129576182814955	0.0341768378068281
Visa_msaldopesos	0.0120170173604842	0.0100091999536028	0.0152860717867177
Visa_fechaalta	0.0117393992133131	0.0142249797315674	0.0239499859968019
Visa_Fvencimiento	0.0116929147220015	0.0190693190029814	0.0257207129886439
mcomisiones	0.011205947847134	0.0115658685567821	0.018430015629376
tcallcenter	0.0102992124879524	0.012820318585031	0.0105882246655043
ctarjeta_master	0.00984591051246513	0.00207043384731661	0.00314394384265826
mactivos_margen	0.00980819748810958	0.0169286115739714	0.011690411874712
Master_status	0.00892688588984407	0.00951545411837362	0.00260188455944132
mautoservicio	0.00873967370300422	0.00894912438674363	0.0117626864458076
cliente_edad	0.00865844012978752	0.0160508588325582	0.0177614758467418
Visa_mconsumospesos	0.00862562863024244	0.0132245712416346	0.0272746162671991
Master_mlimitecompra	0.0085447473326846	0.0142157215600971	0.0223147738257641
Master_mfinanciacion_limite	0.00852316444689747	0.0138812569364647	0.0227935928592724
mextraccion_autoservicio	0.00834080010053891	0.00557981844065674	0.00590844618706466
Visa_mconsumototal	0.00820187100342957	0.0122100406966644	0.0266964196984344
mrentabilidad	0.00755612783040523	0.0114132480468986	0.0134159672596193
mtransferencias_recibidas	0.00737302826925441	0.0133652108847804	0.0161533666398648
mcomisiones_mantenimiento	0.00724865709418922	0.0135181900386063	0.00408351326690096
numero_de_cliente	0.00699603693223323	0.0142197165417514	0.0170658330999467
chomebanking_transacciones	0.00694494152023989	0.0152460158857369	0.0168490093866599
foto_mes	0.00678626258601827	0.010014890277559	0.00468881279982654
Visa_cconsumos	0.00662868847889192	0.0100284444996789	0.0183667753796674
Visa_mlimitecompra	0.0063209641076213	0.0134593580383111	0.0137863744364842
cliente_antiguedad	0.00627405887692338	0.0153818102372257	0.0147982184318225
Visa_mfinanciacion_limite	0.0062633107765666	0.0111169052352338	0.0141567816133491
Visa_cadelantosefectivo	0.00612979247821951	0.000627909496284132	0.00102087831672524
mtransferencias_emitidas	0.00606541646820372	0.0181982220454215	0.0170567987785598
ctarjeta_debito_transacciones	0.00591566239528693	0.0032156718772357	0.00318008112820605
Visa_mconsumosdolares	0.00546543222494509	0.00824321079256358	0.0161172293543171
mcuenta_debitos_automaticos	0.00519330476006794	0.0114496242584333	0.00794116849912819
ccajas_transacciones	0.00513375177501167	0.0096818033744359	0.00447198908653977
Master_mpagominimo	0.00508538364380799	0.0115792690058136	0.0116091029822295
Master_msaldopesos	0.00497380395972612	0.00755819498508113	0.010100371310609
mttarjeta_visa_debitos_automaticos	0.00479899840117994	0.0113298735258474	0.0143284337197011
mcaja_ahorro_dolares	0.00450759384251367	0.0119770756672781	0.0115910343394556
Master_mpagospesos	0.00432551483367597	0.0114304236132546	0.0127383931555981
Master_msaldototal	0.00429609568767494	0.00773870228052289	0.0100913369892221
Master_fultimo_cierre	0.00422080073888106	0.00785764456489074	0.0110309064134648
ccaja_seguridad	0.00412530980514836	0.0105007875679437	0.000822123246212361
cpayroll_trx	0.00342776518694351	0.0019634880229013	0.000153583463578133
Master_mconsumospesos	0.00324953189773947	0.0065762144365554	0.0105882246655043
Master_mconsumototal	0.00323476810954577	0.00601058280116118	0.0102991263811219
mpagomiscuentas	0.00317580288590398	0.0106661852780544	0.00907949299388376
Visa_fultimo_cierre	0.00304985739979883	0.00594442978647593	0.0074081435372982
tmobile_app	0.00265715802455122	0.0048227116023118	0.00123770203001202
Master_cconsumos	0.00241435186220861	0.00620321993851668	0.00793213417774124
Visa_mpagosdolares	0.00236635072671915	0.00338641146292366	0.00696546178933769
Visa_mpagado	0.00223542833332792	0.00633879538525801	0.00577293136626042
Master_mpagosdolares	0.00220715766351516	0.00311841399728264	0.00707387364598108
cproductos	0.00212461379100337	0.00591146045249872	0.000542059283216941
Master_madelantodolares	0.00203770429190888	0.00152312987696298	0.00609816693619059
Master_mconsumosdolares	0.00189793871688303	0.00291204727411367	0.00702870203904634
mplazo_fijo_dolares	0.00178506978758308	0.011805930658003	0.00147259438607269
internet	0.00178135607559469	0.00739029732278045	0.000993775352564392
ccaja_ahorro	0.00151481655662342	0.00738830438996993	0.000677574104021177
matm	0.00139289366985119	0.00348451041689823	0.00382151794667944
Visa_delinquency	0.00122417410811104	0.00265062594698224	0.00229471763228505
mtarjeta_master_consumo	0.00119804864313799	0.00274539155140493	0.00253864430973267
Master_mpagado	0.00111102962470673	0.00390231177802267	0.0032613900206886
Master_madelantopesos	0.00106586706485742	0.000725188606998999	0.00267415913053691
Visa_madelantodolares	0.00105744138186668	0.00152038007349134	0.00256574727389352
cprestamos_personales	0.000985580010942365	0.0056914051656662	0.000569162247377788
mprestamos_prendarios	0.00093618312894707	0.00863520970116904	0.000677574104021177
Visa_msaldodolares	0.000814513580325334	0.00305446442380891	0.00208692824038522
minversion2	0.000759683562900332	0.00727754818357497	0.000659505461247279
ccomisiones_mantenimiento	0.000739112244660073	0.0053144136468604	0.000487853354895247
ccajas_consultas	0.000721830755800863	0.00442336900918082	0.000361372855477961
Visa_madelantopesos	0.00066787209990313	0.000668215677761875	0.00177072699184201
Visa_Finiciomora	0.000580498103464176	0.00764979576662054	0.00101184399533829
cseguro_vida	0.000527051225153843	0.00381927646936916	0.000668539782634227
Master_delinquency	0.00050199272450946	0.00123463836894216	0.00123770203001202
Master_msaldodolares	0.000488848737908187	0.00118404102548161	0.00126480499417286
mcheques_emitidos	0.000416666388893429	0.00529341138562306	0.000415578783799655
Master_cadelantosefectivo	0.000413657435507021	0.000386753830908288	0.00159907488548998
Master_Finiciomora	0.000391650173306352	0.0083221207362967	0.000668539782634227
cseguro_accidentes_personales	0.000347122211646642	0.002286326345513	0.000858260531760157
ctarjeta_visa	0.000300422373181476	0.00080153298709177	0.000189720749125929
mttarjeta_master_debitos_automaticos	0.000278530795942324	0.0035793335962682	0.000840191888986259
cseguro_auto	0.000277852094777768	0.00515246887426501	0.000397510141025757
matm_other	0.000272903156641679	0.00212654926968269	0.000876329174534055
minversion1_pesos	0.00025032980757789	0.00418206544815915	0.000352338534091012
mtarjeta_visa_descuentos	0.000227619902338557	0.00365197302850353	0.00055109360460389
cplazo_fijo	0.000217888025442138	0.00222492974115989	0.000171652106352031
ccajas_extracciones	0.000199068523028357	0.00513790445171599	0.000397510141025757
mcaja_ahorro_adicional	0.00017174649240724	0.00500680773613398	0.000451716069347451
mcheques_depositados	0.000169292115483575	0.00277556562169172	0.000234892356060675
ccajas_depositos	0.000150906673417122	0.00304464069842933	0.000234892356060675
ctransferencias_emitidas	0.000124690235635013	0.00303707870889538	0.000316201248543216
ccomisiones_otras	0.000113758770112692	0.000431106091806106	0.000198755070512878
ctarjeta_visa_debitos_automaticos	0.000111047063659544	0.00345588283368493	0.000316201248543216
cextraccion_autoservicio	9.03871962780457e-05	0.000989091774201599	0.000126480499417286
ctransferencias_recibidas	7.82317775675835e-05	0.00118844886748709	0.00018068642773898
cpagomiscuentas	7.73160110757214e-05	0.00308955119642014	0.000252960998834573
ccajas_otras	7.47384011999971e-05	0.000708750599707248	6.32402497086431e-05
mforex_sell	7.44935113497142e-05	0.00209167708369788	0.000316201248543216
ctarjeta_debito	6.61442968224014e-05	0.00170450127640515	0.000189720749125929
ccallcenter_transacciones	5.76312591917612e-05	0.00166070221479245	0.000153583463578133
mtarjeta_master_descuentos	5.71846711766458e-05	0.00286016217099896	0.000252960998834573
catm_trx	5.63246599934032e-05	0.000279986488829547	4.51716069347451e-05
ccheques_emitidos	4.97075687213178e-05	0.000705537797701239	6.32402497086431e-05
cinversion1	4.23484006969221e-05	0.00127000246088279	9.93775352564392e-05
cinversion2	2.49721428869562e-05	0.000351495532933285	3.61372855477961e-05
ccheques_depositados	2.30988987394992e-05	0.000571587403846881	4.51716069347451e-05
ctarjeta_master_transacciones	1.64864814195452e-05	0.000363925124416306	7.22745710955922e-05
cprestamos_hipotecarios	1.5905634095683e-05	0.000117101565324205	9.03432138694902e-06
mprestamos_hipotecarios	1.521613841454e-05	0.000117101565324205	9.03432138694902e-06
cprestamos_prendarios	1.04626383464459e-05	0.000117101565324205	9.03432138694902e-06
ccuenta_debitos_automaticos	7.04953542740548e-06	0.000463003572181468	3.61372855477961e-05
ccajeros_propios_descuentos	5.45418297603551e-06	0.000351304695972615	2.71029641608471e-05
cforex	5.29572198711487e-06	0.000331398277898494	2.71029641608471e-05
mcajeros_propios_descuentos	3.32672696721764e-06	0.00023420313064841	1.8068642773898e-05
catm_trx_other	2.64769828142233e-06	2.15306313264399e-06	9.03432138694902e-06
